<class 'tuple'>\n\n(tensor([[[[[ 8.6291e-01, -4.7530e-05,  0.0000e+00],
           [ 1.7231e+00, -1.8259e-05,  0.0000e+00],
           [ 2.5801e+00,  2.8092e-04,  0.0000e+00],
           [ 3.4338e+00,  1.0457e-03,  0.0000e+00],
           [ 4.2839e+00,  2.5458e-03,  0.0000e+00],
           [ 5.1307e+00,  4.7109e-03,  0.0000e+00],
           [ 5.9744e+00,  7.2980e-03,  0.0000e+00],
           [ 6.8154e+00,  1.0002e-02,  0.0000e+00],
           [ 7.6541e+00,  1.2774e-02,  0.0000e+00],
           [ 8.4911e+00,  1.5844e-02,  0.0000e+00],
           [ 9.3270e+00,  1.9307e-02,  0.0000e+00],
           [ 1.0163e+01,  2.2983e-02,  0.0000e+00],
           [ 1.0998e+01,  2.6939e-02,  0.0000e+00],
           [ 1.1834e+01,  3.1420e-02,  0.0000e+00],
           [ 1.2671e+01,  3.6441e-02,  0.0000e+00],
           [ 1.3509e+01,  4.2079e-02,  0.0000e+00],
           [ 1.4348e+01,  4.7935e-02,  0.0000e+00],
           [ 1.5189e+01,  5.3765e-02,  0.0000e+00],
           [ 1.6031e+01,  5.9697e-02,  0.0000e+00],
           [ 1.6874e+01,  6.5888e-02,  0.0000e+00],
           [ 1.7720e+01,  7.2413e-02,  0.0000e+00],
           [ 1.8567e+01,  7.9165e-02,  0.0000e+00],
           [ 1.9416e+01,  8.6241e-02,  0.0000e+00],
           [ 2.0267e+01,  9.3555e-02,  0.0000e+00],
           [ 2.1119e+01,  1.0103e-01,  0.0000e+00],
           [ 2.1974e+01,  1.0858e-01,  0.0000e+00],
           [ 2.2830e+01,  1.1609e-01,  0.0000e+00],
           [ 2.3688e+01,  1.2390e-01,  0.0000e+00],
           [ 2.4549e+01,  1.3207e-01,  0.0000e+00],
           [ 2.5412e+01,  1.4042e-01,  0.0000e+00],
           [ 2.6277e+01,  1.4901e-01,  0.0000e+00],
           [ 2.7145e+01,  1.5787e-01,  0.0000e+00],
           [ 2.8015e+01,  1.6711e-01,  0.0000e+00],
           [ 2.8888e+01,  1.7700e-01,  0.0000e+00],
           [ 2.9762e+01,  1.8736e-01,  0.0000e+00],
           [ 3.0636e+01,  1.9799e-01,  0.0000e+00],
           [ 3.1511e+01,  2.0869e-01,  0.0000e+00],
           [ 3.2386e+01,  2.1926e-01,  0.0000e+00],
           [ 3.3260e+01,  2.2988e-01,  0.0000e+00],
           [ 3.4132e+01,  2.4070e-01,  0.0000e+00],
           [ 3.5004e+01,  2.5194e-01,  0.0000e+00],
           [ 3.5873e+01,  2.6373e-01,  0.0000e+00],
           [ 3.6741e+01,  2.7593e-01,  0.0000e+00],
           [ 3.7608e+01,  2.8832e-01,  0.0000e+00],
           [ 3.8472e+01,  3.0093e-01,  0.0000e+00],
           [ 3.9335e+01,  3.1373e-01,  0.0000e+00],
           [ 4.0196e+01,  3.2659e-01,  0.0000e+00],
           [ 4.1055e+01,  3.3948e-01,  0.0000e+00],
           [ 4.1912e+01,  3.5222e-01,  0.0000e+00],
           [ 4.2767e+01,  3.6491e-01,  0.0000e+00],
           [ 4.3620e+01,  3.7752e-01,  0.0000e+00],
           [ 4.4472e+01,  3.8972e-01,  0.0000e+00],
           [ 4.5321e+01,  4.0167e-01,  0.0000e+00],
           [ 4.6169e+01,  4.1347e-01,  0.0000e+00],
           [ 4.7015e+01,  4.2489e-01,  0.0000e+00],
           [ 4.7859e+01,  4.3626e-01,  0.0000e+00],
           [ 4.8701e+01,  4.4755e-01,  0.0000e+00],
           [ 4.9541e+01,  4.5831e-01,  0.0000e+00],
           [ 5.0380e+01,  4.6846e-01,  0.0000e+00],
           [ 5.1217e+01,  4.7798e-01,  0.0000e+00],
           [ 5.2052e+01,  4.8688e-01,  0.0000e+00],
           [ 5.2887e+01,  4.9521e-01,  0.0000e+00],
           [ 5.3720e+01,  5.0305e-01,  0.0000e+00],
           [ 5.4551e+01,  5.1035e-01,  0.0000e+00]]]]], device='cuda:0'), tensor([[[[[[ 1.0000e+00,  1.1032e-04,  0.0000e+00],
            [-1.1032e-04,  1.0000e+00,  0.0000e+00],
            [ 0.0000e+00,  0.0000e+00,  1.0000e+00]],

           [[ 1.0000e+00, -1.7889e-04,  0.0000e+00],
            [ 1.7889e-04,  1.0000e+00,  0.0000e+00],
            [ 0.0000e+00,  0.0000e+00,  1.0000e+00]],

           [[ 1.0000e+00, -5.1994e-04,  0.0000e+00],
            [ 5.1994e-04,  1.0000e+00,  0.0000e+00],
            [ 0.0000e+00,  0.0000e+00,  1.0000e+00]],

           [[ 1.0000e+00, -1.2734e-03,  0.0000e+00],
            [ 1.2734e-03,  1.0000e+00,  0.0000e+00],
            [ 0.0000e+00,  0.0000e+00,  1.0000e+00]],

           [[ 1.0000e+00, -2.2577e-03,  0.0000e+00],
            [ 2.2577e-03,  1.0000e+00,  0.0000e+00],
            [ 0.0000e+00,  0.0000e+00,  1.0000e+00]],

           [[ 1.0000e+00, -2.8571e-03,  0.0000e+00],
            [ 2.8571e-03,  1.0000e+00,  0.0000e+00],
            [ 0.0000e+00,  0.0000e+00,  1.0000e+00]],

           [[ 9.9999e-01, -3.2760e-03,  0.0000e+00],
            [ 3.2760e-03,  9.9999e-01,  0.0000e+00],
            [ 0.0000e+00,  0.0000e+00,  1.0000e+00]],

           [[ 9.9999e-01, -3.1555e-03,  0.0000e+00],
            [ 3.1555e-03,  9.9999e-01,  0.0000e+00],
            [ 0.0000e+00,  0.0000e+00,  1.0000e+00]],

           [[ 9.9999e-01, -3.4542e-03,  0.0000e+00],
            [ 3.4542e-03,  9.9999e-01,  0.0000e+00],
            [ 0.0000e+00,  0.0000e+00,  1.0000e+00]],

           [[ 9.9999e-01, -3.8818e-03,  0.0000e+00],
            [ 3.8818e-03,  9.9999e-01,  0.0000e+00],
            [ 0.0000e+00,  0.0000e+00,  1.0000e+00]],

           [[ 9.9999e-01, -4.4029e-03,  0.0000e+00],
            [ 4.4029e-03,  9.9999e-01,  0.0000e+00],
            [ 0.0000e+00,  0.0000e+00,  1.0000e+00]],

           [[ 9.9999e-01, -4.3976e-03,  0.0000e+00],
            [ 4.3976e-03,  9.9999e-01,  0.0000e+00],
            [ 0.0000e+00,  0.0000e+00,  1.0000e+00]],

           [[ 9.9999e-01, -5.0700e-03,  0.0000e+00],
            [ 5.0700e-03,  9.9999e-01,  0.0000e+00],
            [ 0.0000e+00,  0.0000e+00,  1.0000e+00]],

           [[ 9.9998e-01, -5.6476e-03,  0.0000e+00],
            [ 5.6476e-03,  9.9998e-01,  0.0000e+00],
            [ 0.0000e+00,  0.0000e+00,  1.0000e+00]],

           [[ 9.9998e-01, -6.3527e-03,  0.0000e+00],
            [ 6.3527e-03,  9.9998e-01,  0.0000e+00],
            [ 0.0000e+00,  0.0000e+00,  1.0000e+00]],

           [[ 9.9997e-01, -7.1018e-03,  0.0000e+00],
            [ 7.1018e-03,  9.9997e-01,  0.0000e+00],
            [ 0.0000e+00,  0.0000e+00,  1.0000e+00]],

           [[ 9.9998e-01, -6.8574e-03,  0.0000e+00],
            [ 6.8574e-03,  9.9998e-01,  0.0000e+00],
            [ 0.0000e+00,  0.0000e+00,  1.0000e+00]],

           [[ 9.9998e-01, -7.0165e-03,  0.0000e+00],
            [ 7.0165e-03,  9.9998e-01,  0.0000e+00],
            [ 0.0000e+00,  0.0000e+00,  1.0000e+00]],

           [[ 9.9997e-01, -7.0728e-03,  0.0000e+00],
            [ 7.0728e-03,  9.9997e-01,  0.0000e+00],
            [ 0.0000e+00,  0.0000e+00,  1.0000e+00]],

           [[ 9.9997e-01, -7.6020e-03,  0.0000e+00],
            [ 7.6020e-03,  9.9997e-01,  0.0000e+00],
            [ 0.0000e+00,  0.0000e+00,  1.0000e+00]],

           [[ 9.9997e-01, -7.8338e-03,  0.0000e+00],
            [ 7.8338e-03,  9.9997e-01,  0.0000e+00],
            [ 0.0000e+00,  0.0000e+00,  1.0000e+00]],

           [[ 9.9997e-01, -8.1014e-03,  0.0000e+00],
            [ 8.1014e-03,  9.9997e-01,  0.0000e+00],
            [ 0.0000e+00,  0.0000e+00,  1.0000e+00]],

           [[ 9.9996e-01, -8.5656e-03,  0.0000e+00],
            [ 8.5656e-03,  9.9996e-01,  0.0000e+00],
            [ 0.0000e+00,  0.0000e+00,  1.0000e+00]],

           [[ 9.9996e-01, -8.6291e-03,  0.0000e+00],
            [ 8.6291e-03,  9.9996e-01,  0.0000e+00],
            [ 0.0000e+00,  0.0000e+00,  1.0000e+00]],

           [[ 9.9996e-01, -8.9146e-03,  0.0000e+00],
            [ 8.9146e-03,  9.9996e-01,  0.0000e+00],
            [ 0.0000e+00,  0.0000e+00,  1.0000e+00]],

           [[ 9.9996e-01, -8.7495e-03,  0.0000e+00],
            [ 8.7495e-03,  9.9996e-01,  0.0000e+00],
            [ 0.0000e+00,  0.0000e+00,  1.0000e+00]],

           [[ 9.9996e-01, -8.8033e-03,  0.0000e+00],
            [ 8.8033e-03,  9.9996e-01,  0.0000e+00],
            [ 0.0000e+00,  0.0000e+00,  1.0000e+00]],

           [[ 9.9996e-01, -9.3888e-03,  0.0000e+00],
            [ 9.3888e-03,  9.9996e-01,  0.0000e+00],
            [ 0.0000e+00,  0.0000e+00,  1.0000e+00]],

           [[ 9.9995e-01, -9.5998e-03,  0.0000e+00],
            [ 9.5998e-03,  9.9995e-01,  0.0000e+00],
            [ 0.0000e+00,  0.0000e+00,  1.0000e+00]],

           [[ 9.9995e-01, -9.7526e-03,  0.0000e+00],
            [ 9.7526e-03,  9.9995e-01,  0.0000e+00],
            [ 0.0000e+00,  0.0000e+00,  1.0000e+00]],

           [[ 9.9995e-01, -1.0097e-02,  0.0000e+00],
            [ 1.0097e-02,  9.9995e-01,  0.0000e+00],
            [ 0.0000e+00,  0.0000e+00,  1.0000e+00]],

           [[ 9.9995e-01, -1.0306e-02,  0.0000e+00],
            [ 1.0306e-02,  9.9995e-01,  0.0000e+00],
            [ 0.0000e+00,  0.0000e+00,  1.0000e+00]],

           [[ 9.9994e-01, -1.0938e-02,  0.0000e+00],
            [ 1.0938e-02,  9.9994e-01,  0.0000e+00],
            [ 0.0000e+00,  0.0000e+00,  1.0000e+00]],

           [[ 9.9993e-01, -1.1736e-02,  0.0000e+00],
            [ 1.1736e-02,  9.9993e-01,  0.0000e+00],
            [ 0.0000e+00,  0.0000e+00,  1.0000e+00]],

           [[ 9.9993e-01, -1.1955e-02,  0.0000e+00],
            [ 1.1955e-02,  9.9993e-01,  0.0000e+00],
            [ 0.0000e+00,  0.0000e+00,  1.0000e+00]],

           [[ 9.9992e-01, -1.2354e-02,  0.0000e+00],
            [ 1.2354e-02,  9.9992e-01,  0.0000e+00],
            [ 0.0000e+00,  0.0000e+00,  1.0000e+00]],

           [[ 9.9993e-01, -1.2102e-02,  0.0000e+00],
            [ 1.2102e-02,  9.9993e-01,  0.0000e+00],
            [ 0.0000e+00,  0.0000e+00,  1.0000e+00]],

           [[ 9.9993e-01, -1.2068e-02,  0.0000e+00],
            [ 1.2068e-02,  9.9993e-01,  0.0000e+00],
            [ 0.0000e+00,  0.0000e+00,  1.0000e+00]],

           [[ 9.9993e-01, -1.2248e-02,  0.0000e+00],
            [ 1.2248e-02,  9.9993e-01,  0.0000e+00],
            [ 0.0000e+00,  0.0000e+00,  1.0000e+00]],

           [[ 9.9992e-01, -1.2536e-02,  0.0000e+00],
            [ 1.2536e-02,  9.9992e-01,  0.0000e+00],
            [ 0.0000e+00,  0.0000e+00,  1.0000e+00]],

           [[ 9.9991e-01, -1.3270e-02,  0.0000e+00],
            [ 1.3270e-02,  9.9991e-01,  0.0000e+00],
            [ 0.0000e+00,  0.0000e+00,  1.0000e+00]],

           [[ 9.9990e-01, -1.3840e-02,  0.0000e+00],
            [ 1.3840e-02,  9.9990e-01,  0.0000e+00],
            [ 0.0000e+00,  0.0000e+00,  1.0000e+00]],

           [[ 9.9990e-01, -1.4277e-02,  0.0000e+00],
            [ 1.4277e-02,  9.9990e-01,  0.0000e+00],
            [ 0.0000e+00,  0.0000e+00,  1.0000e+00]],

           [[ 9.9990e-01, -1.4305e-02,  0.0000e+00],
            [ 1.4305e-02,  9.9990e-01,  0.0000e+00],
            [ 0.0000e+00,  0.0000e+00,  1.0000e+00]],

           [[ 9.9989e-01, -1.4863e-02,  0.0000e+00],
            [ 1.4863e-02,  9.9989e-01,  0.0000e+00],
            [ 0.0000e+00,  0.0000e+00,  1.0000e+00]],

           [[ 9.9989e-01, -1.4813e-02,  0.0000e+00],
            [ 1.4813e-02,  9.9989e-01,  0.0000e+00],
            [ 0.0000e+00,  0.0000e+00,  1.0000e+00]],

           [[ 9.9989e-01, -1.5066e-02,  0.0000e+00],
            [ 1.5066e-02,  9.9989e-01,  0.0000e+00],
            [ 0.0000e+00,  0.0000e+00,  1.0000e+00]],

           [[ 9.9989e-01, -1.4950e-02,  0.0000e+00],
            [ 1.4950e-02,  9.9989e-01,  0.0000e+00],
            [ 0.0000e+00,  0.0000e+00,  1.0000e+00]],

           [[ 9.9989e-01, -1.4784e-02,  0.0000e+00],
            [ 1.4784e-02,  9.9989e-01,  0.0000e+00],
            [ 0.0000e+00,  0.0000e+00,  1.0000e+00]],

           [[ 9.9989e-01, -1.4890e-02,  0.0000e+00],
            [ 1.4890e-02,  9.9989e-01,  0.0000e+00],
            [ 0.0000e+00,  0.0000e+00,  1.0000e+00]],

           [[ 9.9989e-01, -1.4657e-02,  0.0000e+00],
            [ 1.4657e-02,  9.9989e-01,  0.0000e+00],
            [ 0.0000e+00,  0.0000e+00,  1.0000e+00]],

           [[ 9.9990e-01, -1.3985e-02,  0.0000e+00],
            [ 1.3985e-02,  9.9990e-01,  0.0000e+00],
            [ 0.0000e+00,  0.0000e+00,  1.0000e+00]],

           [[ 9.9990e-01, -1.4141e-02,  0.0000e+00],
            [ 1.4141e-02,  9.9990e-01,  0.0000e+00],
            [ 0.0000e+00,  0.0000e+00,  1.0000e+00]],

           [[ 9.9991e-01, -1.3691e-02,  0.0000e+00],
            [ 1.3691e-02,  9.9991e-01,  0.0000e+00],
            [ 0.0000e+00,  0.0000e+00,  1.0000e+00]],

           [[ 9.9991e-01, -1.3326e-02,  0.0000e+00],
            [ 1.3326e-02,  9.9991e-01,  0.0000e+00],
            [ 0.0000e+00,  0.0000e+00,  1.0000e+00]],

           [[ 9.9991e-01, -1.3615e-02,  0.0000e+00],
            [ 1.3615e-02,  9.9991e-01,  0.0000e+00],
            [ 0.0000e+00,  0.0000e+00,  1.0000e+00]],

           [[ 9.9991e-01, -1.3188e-02,  0.0000e+00],
            [ 1.3188e-02,  9.9991e-01,  0.0000e+00],
            [ 0.0000e+00,  0.0000e+00,  1.0000e+00]],

           [[ 9.9992e-01, -1.2440e-02,  0.0000e+00],
            [ 1.2440e-02,  9.9992e-01,  0.0000e+00],
            [ 0.0000e+00,  0.0000e+00,  1.0000e+00]],

           [[ 9.9993e-01, -1.1762e-02,  0.0000e+00],
            [ 1.1762e-02,  9.9993e-01,  0.0000e+00],
            [ 0.0000e+00,  0.0000e+00,  1.0000e+00]],

           [[ 9.9994e-01, -1.0976e-02,  0.0000e+00],
            [ 1.0976e-02,  9.9994e-01,  0.0000e+00],
            [ 0.0000e+00,  0.0000e+00,  1.0000e+00]],

           [[ 9.9995e-01, -1.0306e-02,  0.0000e+00],
            [ 1.0306e-02,  9.9995e-01,  0.0000e+00],
            [ 0.0000e+00,  0.0000e+00,  1.0000e+00]],

           [[ 9.9995e-01, -9.6681e-03,  0.0000e+00],
            [ 9.6681e-03,  9.9995e-01,  0.0000e+00],
            [ 0.0000e+00,  0.0000e+00,  1.0000e+00]],

           [[ 9.9996e-01, -9.1577e-03,  0.0000e+00],
            [ 9.1577e-03,  9.9996e-01,  0.0000e+00],
            [ 0.0000e+00,  0.0000e+00,  1.0000e+00]],

           [[ 9.9996e-01, -8.3992e-03,  0.0000e+00],
            [ 8.3992e-03,  9.9996e-01,  0.0000e+00],
            [ 0.0000e+00,  0.0000e+00,  1.0000e+00]]]]]], device='cuda:0'), {'cot': array([[['Nudge to the left to increase clearance from the construction cones on the right.']]],
      dtype='<U81'), 'meta_action': array([[['']]], dtype='<U1'), 'answer': array([[['']]], dtype='<U1')})